B1 = [4; 1; 3];
B2 = [2; 5; 7; 6];

B = {B1, B2};